v1,v2
77,18
78,18
79,18
79,18
80,18
80,18
80,18
81,18
83,17
84,17
86,17
87,17
88,17
89,17
91,17
93,17
96,17
99,17
102,17
104,17
107,17
108,17
110,17
111,17
112,17
113,17
115,17
116,17
117,17
117,17
118,17
118,17
118,17
119,17
119,17
119,17
119,17
118,17
118,17
111,16
104,16
99,16
101,16
102,16
102,16
101,16
100,16
99,16
99,16
99,16
99,16
98,16
98,16
97,16
96,16
95,16
93,16
92,16
91,16
90,16
87,16
83,16
79,16
72,16
69,16
67,16
65,16
63,16
60,16
57,16
54,16
51,16
48,16
46,16
45,16
44,16
42,16
40,16
37,16
34,16
31,15
29,16
27,16
25,15
23,15
20,15
17,16
14,16
12,15
9,15
6,15
3,15
0,15
0,15
0,15
0,15
0,15
0,15
0,15
0,15
0,15
0,15
0,15
0,15
0,15
0,15
0,15
0,15
0,15
0,15
0,15
0,15
0,15
0,15
0,15
0,15
2,15
4,15
6,15
8,15
12,15
16,15
20,15
24,15
31,15
33,15
36,15
39,15
43,15
48,15
53,15
59,15
64,15
68,15
72,15
75,15
77,15
78,15
78,15
78,15
77,15
76,15
77,15
78,15
79,15
79,15
80,15
82,15
83,15
85,15
85,15
86,15
87,15
89,15
92,15
93,15
93,15
94,15
94,15
93,15
84,14
75,14
65,14
62,14
60,14
58,14
57,14
55,14
53,14
51,14
49,14
48,14
46,14
44,14
42,14
40,14
38,14
35,14
33,14
32,14
32,14
32,14
32,14
33,14
35,14
39,14
40,14
41,14
42,14
42,14
42,14
42,14
42,14
43,14
43,14
43,14
44,14
45,14
45,14
46,14
46,14
45,14
44,14
43,14
42,14
42,14
42,14
43,14
44,14
44,14
45,14
45,14
46,14
46,14
46,14
46,14
45,14
45,14
45,14
45,14
45,14
45,14
45,14
44,14
43,14
41,14
39,14
37,14
36,14
35,14
34,14
32,13
29,13
25,13
22,13
19,13
17,13
16,13
14,13
13,13
12,13
11,13
10,13
10,13
9,13
7,13
6,13
4,13
3,13
2,13
2,13
1,13
1,13
0,13
0,13
0,13
0,13
0,13
0,13
0,13
0,13
0,13
0,13
0,13
0,13
0,13
0,13
0,13
0,13
0,13
0,13
0,14
0,14
0,14
0,14
0,14
0,14
0,14
0,14
0,14
0,14
0,14
0,14
0,14
0,14
0,14
0,14
0,14
0,14
0,14
0,14
0,14
0,14
0,14
0,14
0,14
0,14
0,14
0,14
0,14
0,14
0,14
0,14
0,15
0,15
0,15
0,15
0,15
0,15
0,15
0,15
0,15
0,15
0,15
0,15
0,15
0,15
0,15
0,15
0,15
0,15
0,15
0,15
0,15
0,15
0,15
0,15
0,16
0,16
0,16
0,16
0,16
0,16
0,16
0,16
0,16
0,16
0,16
0,16
0,16
0,16
0,16
0,16
0,16
0,16
0,16
0,16
0,17
0,17
0,17
0,17
0,17
0,17
0,17
0,17
0,17
0,17
0,17
0,17
0,17
0,17
0,17
0,17
0,17
0,17
0,17
0,17
0,17
0,17
0,18
0,18
0,18
0,18
0,18
0,18
0,18
0,18
0,18
0,18
0,18
0,18
0,18
0,18
0,18
0,18
0,18
0,18
0,18
0,18
0,18
0,18
0,18
0,18
0,18
0,18
0,18
0,18
0,18
0,19
0,19
0,19
0,19
0,19
0,19
0,19
0,19
0,19
0,19
0,19
0,19
0,19
0,19
0,19
0,19
0,19
0,19
0,19
0,19
0,19
0,19
0,19
0,19
0,19
0,19
0,19
0,19
0,19
0,19
0,19
0,19
0,19
0,19
0,19
0,19
0,19
0,19
0,19
0,19
0,19
0,20
0,20
0,20
0,20
0,19
0,19
0,19
0,19
0,19
0,19
0,19
0,19
0,19
0,20
0,19
0,19
0,19
0,19
0,19
7,19
14,19
19,19
21,19
22,19
21,19
15,19
9,19
4,19
0,19
0,19
0,19
0,19
0,19
0,19
0,19
0,19
0,19
0,19
0,19
0,19
0,19
0,19
0,19
0,19
0,19
0,19
0,19
0,19
0,19
0,19
0,19
0,19
0,19
0,19
0,19
0,19
0,19
0,19
0,19
0,19
0,19
0,19
0,19
0,19
0,19
0,19
0,19
0,19
0,19
0,19
0,19
0,19
0,19
0,19
0,19
0,19
0,19
0,19
0,19
0,19
0,19
0,19
0,19
0,19
0,19
0,19
0,19
0,19
0,19
0,19
0,19
0,19
0,19
0,19
0,19
0,19
0,19
0,19
0,19
0,19
0,19
0,19
0,19
0,19
0,19
0,19
0,19
0,19
0,19
0,19
0,19
0,19
0,19
0,19
0,19
0,19
0,19
0,19
0,19
0,19
0,19
0,19
0,19
0,19
0,18
0,18
0,18
0,18
0,18
0,18
0,18
0,19
0,19
0,19
0,19
0,19
0,19
0,19
0,19
0,19
0,18
0,18
0,18
0,18
0,18
0,18
0,18
0,18
0,18
0,18
0,18
0,18
10,18
14,18
19,18
22,18
25,18
26,18
28,18
31,18
33,18
36,18
37,18
39,18
40,18
41,18
43,18
45,18
47,18
49,18
52,18
53,18
55,18
57,18
59,18
61,18
62,18
64,18
64,18
65,18
65,18
65,18
65,18
64,18
63,18
62,18
60,18
59,18
58,18
57,18
56,18
55,18
54,18
53,18
53,18
53,18
53,18
54,18
54,18
55,18
55,18
56,18
56,18
57,18
57,17
57,17
57,17
57,17
59,17
61,17
63,17
66,17
67,17
67,17
62,17
60,17
57,17
54,17
50,17
47,17
45,17
43,17
42,17
40,17
39,17
37,17
35,17
34,17
34,17
33,17
32,17
31,17
30,17
29,17
29,17
28,17
27,17
24,17
22,17
19,17
16,17
15,17
14,17
14,17
14,17
12,17
11,17
9,17
7,17
6,17
4,17
2,17
1,17
1,17
1,17
1,17
0,17
0,17
0,17
0,17
0,17
0,17
0,17
0,17
0,17
0,17
0,17
0,17
0,17
0,17
0,17
0,17
0,17
0,17
0,17
0,17
0,17
0,17
0,17
0,17
0,17
0,17
0,17
0,17
0,17
0,17
0,17
0,17
0,17
0,17
0,17
0,17
0,17
0,17
0,17
0,17
0,17
0,17
5,17
10,17
12,17
14,17
16,17
19,17
23,17
26,17
29,17
35,17
38,17
42,17
44,17
47,17
49,17
52,17
56,17
58,17
61,17
65,17
70,17
74,17
77,17
79,17
79,17
79,17
77,17
76,17
75,17
74,17
73,17
72,17
70,17
68,17
65,17
63,17
61,17
59,17
57,17
55,17
54,17
53,17
52,17
52,17
52,17
52,17
53,17
53,17
52,17
51,17
50,17
48,17
47,17
45,17
43,17
43,17
43,17
42,17
42,17
41,17
39,17
38,17
36,17
34,17
31,17
28,17
24,17
19,17
15,17
11,17
7,17
0,17
0,17
0,17
0,17
0,17
0,17
0,17
0,17
0,17
0,17
0,17
0,17
0,17
0,17
0,17
0,17
0,17
0,17
0,17
0,17
0,17
0,17
0,17
0,17
0,17
0,17
0,17
0,17
0,17
0,17
0,17
0,17
0,17
0,17
0,17
0,17
0,17
0,17
0,17
0,17
0,17
0,17
0,17
0,17
0,17
0,17
0,17
0,17
0,17
0,17
0,17
0,17
0,17
0,17
0,17
1,17
2,17
3,17
4,17
4,17
4,17
4,17
4,17
4,17
4,17
4,17
4,17
4,17
4,17
4,17
3,17
3,17
1,17
0,17
0,17
0,17
0,17
0,17
0,17
0,17
0,17
0,17
0,17
0,17
0,17
0,17
0,17
0,17
0,17
0,17
0,17
0,17
0,17
0,17
0,17
0,17
0,17
0,17
1,17
2,17
3,17
4,17
4,17
5,17
6,17
7,17
9,17
11,17
13,17
14,17
16,17
16,17
17,17
18,17
19,17
19,17
20,17
21,17
24,17
29,17
33,17
35,17
36,17
37,17
39,17
43,17
45,17
45,17
46,17
46,17
46,17
47,17
50,17
52,17
54,17
56,17
58,17
59,17
61,17
63,17
65,17
67,17
68,17
70,17
72,17
73,17
75,17
76,17
77,17
78,17
78,17
79,17
79,17
79,17
78,17
78,17
76,17
76,17
75,17
75,17
75,17
75,17
74,17
73,17
72,17
71,17
70,17
70,17
70,17
69,17
69,17
69,17
68,17
68,17
67,17
67,17
66,17
66,17
64,17
63,17
61,17
61,17
61,17
62,17
62,17
62,17
62,17
61,17
59,17
59,17
59,17
59,17
59,17
59,17
59,17
59,17
59,17
58,17
58,17
58,17
58,17
58,17
58,17
58,17
58,17
58,17
58,17
58,17
57,17
56,17
53,17
51,17
48,17
46,17
44,17
42,17
39,17
37,17
34,17
29,17
27,17
25,17
23,17
22,17
22,17
22,17
22,17
21,17
21,17
20,17
18,17
16,17
13,17
10,17
7,17
5,17
4,17
4,17
4,17
4,17
4,17
4,17
4,17
4,17
4,17
5,17
7,17
8,17
10,17
10,17
10,17
9,17
7,17
6,17
5,17
5,17
5,17
5,17
4,17
4,17
4,17
4,17
4,17
4,17
4,17
5,18
6,18
8,18
11,18
12,18
14,18
14,18
15,18
15,18
16,18
18,18
19,18
21,18
21,17
22,17
22,17
25,18
27,18
29,18
32,18
35,18
38,18
40,18
41,18
41,18
41,18
41,18
43,18
46,18
52,18
57,18
61,17
62,17
63,18
63,18
63,18
65,18
68,18
71,18
73,18
74,18
75,18
75,17
75,17
76,17
77,17
78,17
81,17
83,17
85,17
87,17
88,18
88,17
89,18
89,18
89,18
90,18
90,18
90,17
90,17
90,17
91,17
93,17
94,17
96,17
97,17
97,17
98,17
98,17
98,17
97,17
97,17
97,17
98,17
98,17
98,17
98,17
98,17
98,17
98,17
98,17
99,17
99,17
99,17
99,17
99,17
99,17
99,17
99,17
99,17
99,17
99,17
99,17
99,17
100,17
101,17
101,17
101,17
101,17
100,17
100,17
99,17
97,17
96,17
95,17
94,17
93,17
92,17
91,17
90,17
88,17
87,17
87,17
87,17
87,17
86,17
86,17
85,17
85,17
84,17
84,17
83,17
83,17
83,17
83,17
83,17
83,17
83,17
83,17
83,17
83,17
83,17
83,17
84,17
83,17
82,17
79,17
77,17
74,17
71,17
68,17
63,17
61,17
59,17
58,17
58,18
57,18
57,17
58,18
59,17
61,17
62,17
64,17
65,17
66,17
66,17
66,17
66,17
66,17
67,17
68,17
70,17
73,18
75,17
77,17
78,17
78,17
79,17
80,17
81,17
82,17
83,17
84,18
84,18
83,18
82,18
82,18
82,17
82,17
82,17
81,17
81,17
80,17
80,17
79,17
78,17
78,17
78,17
77,17
77,17
76,17
74,17
71,17
68,17
64,17
60,17
56,17
51,17
47,17
43,17
40,17
38,17
36,17
33,18
25,18
19,18
15,18
12,18
10,18
9,18
7,18
6,18
5,18
4,18
3,18
3,17
2,17
2,18
2,18
2,18
2,18
2,18
1,18
1,18
0,18
0,18
0,18
0,18
0,18
0,18
0,18
0,18
0,18
0,18
0,18
0,18
0,18
0,18
0,18
0,18
0,18
0,18
0,18
0,18
0,18
0,18
0,18
0,18
0,18
0,18
0,18
0,18
0,18
0,18
0,18
0,18
0,18
0,18
0,18
0,18
0,18
0,18
0,18
0,18
0,18
0,18
0,18
0,18
0,18
0,18
0,18
0,18
0,18
0,18
0,18
0,18
0,18
0,18
0,18
0,18
0,18
0,18
0,18
0,18
0,18
0,18
0,18
0,18
0,18
0,18
0,18
0,18
0,18
0,18
0,18
0,18
0,18
0,18
0,18
0,18
0,18
0,18
0,18
0,18
0,18
0,18
0,18
0,18
0,18
0,18
0,18
0,18
0,18
0,18
0,18
0,18
0,18
0,19
0,19
0,19
0,19
0,19
0,19
0,19
0,19
0,19
0,19
0,19
0,19
0,19
0,19
0,19
0,19
0,19
0,19
0,19
0,19
0,19
0,19
0,19
0,19
0,19
0,19
0,19
0,19
0,19
0,19
0,19
0,19
0,19
0,19
0,19
0,19
0,19
0,19
0,19
0,19
0,19
0,19
0,19
0,19
0,19
0,19
0,19
0,19
0,19
0,19
0,19
0,19
0,19
0,19
0,19
0,19
0,19
0,19
0,19
0,19
0,19
0,19
0,19
0,19
0,19
0,19
0,19
0,19
0,19
0,19
0,19
0,19
3,19
8,19
12,19
15,19
18,19
20,19
21,19
22,19
23,19
27,20
31,20
35,20
34,20
33,20
32,20
32,20
32,20
32,20
33,20
34,20
37,20
42,20
48,20
55,20
60,20
64,20
67,20
70,20
72,20
75,20
76,20
78,20
79,20
80,20
82,20
84,20
86,20
88,20
89,20
89,20
89,20
89,20
88,20
88,20
87,20
86,20
84,20
81,20
76,20
72,20
70,20
69,20
69,20
67,20
66,20
66,20
66,20
66,20
67,20
69,20
72,20
75,20
77,20
80,20
82,20
83,20
84,20
85,20
84,20
81,20
79,20
78,20
78,20
77,20
77,20
75,20
73,20
71,20
69,20
67,20
66,20
65,20
65,20
65,20
65,20
65,20
65,20
65,20
64,20
64,20
62,20
60,20
57,20
55,20
54,20
53,20
53,20
52,20
51,20
49,20
46,20
40,20
36,20
33,20
28,20
24,20
20,20
17,20
14,20
12,20
11,20
11,20
11,20
12,20
13,20
13,20
14,20
14,20
14,20
14,20
14,20
15,20
18,20
21,20
23,20
24,20
24,20
23,20
21,20
19,20
17,20
16,20
15,20
10,20
5,20
1,20
0,20
0,20
0,20
0,20
0,20
0,20
0,20
0,20
0,20
0,20
0,20
0,20
0,20
0,20
0,20
0,20
0,20
0,20
0,20
0,20
0,20
0,20
0,20
0,20
0,20
0,20
0,20
0,20
0,20
4,20
8,20
12,20
16,20
21,20
24,20
26,20
27,20
27,20
27,20
27,20
26,20
25,20
23,20
20,20
17,20
15,20
12,20
10,20
7,20
5,20
4,20
3,20
3,20
3,20
3,20
3,20
3,20
3,20
3,20
3,20
2,20
2,20
3,20
4,20
6,20
8,20
11,20
12,20
13,20
14,20
15,20
16,20
17,20
19,20
22,20
26,20
28,20
29,20
30,20
29,20
29,20
28,20
27,20
27,20
27,20
27,20
26,20
26,20
25,20
24,20
23,20
23,20
23,20
27,20
29,20
31,20
33,20
33,20
34,20
34,20
35,20
37,20
39,20
42,20
44,20
46,20
48,20
51,20
54,20
57,19
59,19
61,19
62,19
63,19
65,19
67,19
70,19
72,19
73,19
73,19
72,19
70,19
68,19
65,19
62,19
61,19
60,19
59,19
58,19
56,19
53,19
50,19
47,19
44,19
42,19
40,19
38,19
37,19
36,19
36,19
36,19
36,19
36,19
35,19
35,19
34,19
33,19
33,19
35,19
38,19
41,19
43,19
45,19
45,19
46,19
47,19
49,19
51,19
52,19
53,19
54,19
55,19
56,19
57,19
59,19
60,19
61,19
62,19
62,19
61,19
61,19
59,19
58,19
57,19
57,19
57,19
58,19
58,19
58,19
57,19
56,19
53,19
51,19
50,19
48,19
46,19
43,19
40,19
36,19
36,19
36,19
35,19
35,19
34,19
33,19
33,19
33,19
33,19
32,19
32,19
30,19
29,19
26,19
24,19
21,19
19,19
18,19
18,19
17,19
16,19
14,19
11,19
9,19
8,19
8,19
8,19
8,19
9,19
8,19
3,19
0,19
0,19
0,18
0,18
0,18
0,18
0,18
0,18
0,18
0,18
0,18
0,18
0,18
0,18
0,18
0,18
0,18
0,18
0,18
0,18
0,18
0,18
0,18
0,18
0,18
0,18
0,18
0,18
0,18
0,18
0,18
0,18
0,18
0,18
0,18
0,18
0,18
0,18
0,18
0,18
0,18
0,18
0,18
0,18
0,18
0,18
0,18
0,18
0,18
0,18
0,18
0,18
0,18
0,18
0,18
0,18
0,18
0,18
0,18
0,18
0,18
0,18
0,18
0,18
0,18
0,18
0,18
0,18
0,18
0,18
0,18
0,18
0,18
0,18
0,18
0,18
0,18
0,18
0,18
0,18
0,18
0,18
0,18
0,18
0,18
0,18
0,18
0,18
0,18
0,18
0,18
0,18
0,18
0,18
0,18
0,18
0,18
0,17
0,17
1,17
3,17
6,17
9,17
11,17
13,17
15,17
16,17
17,17
19,17
20,17
21,17
22,17
22,17
23,17
25,17
26,17
28,17
28,17
29,17
30,17
30,17
31,17
31,17
31,17
31,17
31,17
31,17
31,17
32,17
33,17
34,17
35,17
35,17
35,17
35,17
35,17
35,17
35,17
35,17
36,17
36,17
35,17
34,17
33,17
32,17
32,17
32,17
32,17
32,17
32,17
32,17
33,17
32,17
32,17
32,17
32,17
32,17
32,17
32,17
32,17
32,17
32,17
32,17
32,17
32,17
32,17
32,17
32,17
32,17
32,17
32,17
32,17
33,17
34,17
34,17
35,17
35,17
35,17
35,17
35,17
35,17
35,17
35,17
36,17
38,17
41,17
43,17
45,17
46,17
46,17
38,16
32,16
26,16
28,16
30,16
31,16
33,16
33,16
34,16
34,16
35,16
36,16
37,16
38,16
37,16
37,16
36,16
36,16
35,16
35,16
34,16
33,16
33,16
33,16
33,16
33,16
32,16
32,16
28,16
25,16
22,16
20,16
20,16
19,16
18,16
17,16
15,16
14,16
14,16
14,16
14,16
14,16
15,16
16,16
16,16
17,16
17,16
17,16
17,16
17,16
17,16
17,16
17,16
17,16
17,16
18,16
19,16
20,16
20,16
21,16
20,16
20,16
19,16
17,16
16,16
15,16
14,16
14,16
14,16
14,16
15,16
16,16
17,16
18,16
19,16
20,16
21,16
21,16
22,16
22,16
23,16
24,16
25,16
26,16
26,16
27,16
28,16
29,16
31,16
32,16
32,16
32,16
32,15
32,15
31,15
31,15
30,15
30,15
29,15
28,15
28,15
28,15
28,15
28,15
28,15
29,15
30,15
31,15
32,15
32,15
33,15
32,15
32,15
32,15
32,15
32,15
32,15
32,15
32,15
32,15
32,15
32,15
31,15
31,15
29,15
27,15
25,15
23,15
22,15
21,15
21,15
20,15
19,15
19,15
19,15
19,15
19,15
19,15
19,15
19,15
19,15
19,15
19,15
19,15
20,15
20,15
20,15
19,15
18,15
16,15
14,15
14,15
14,15
13,15
13,15
13,15
14,15
15,15
15,15
16,15
16,15
16,15
16,15
16,15
16,15
16,15
16,15
16,15
16,15
16,15
15,15
14,15
13,15
11,15
9,15
8,15
8,15
8,15
8,15
8,15
8,15
8,15
8,15
8,15
8,15
8,15
8,15
8,15
8,15
0,14
0,14
0,14
0,14
0,14
0,14
0,14
0,14
0,14
0,14
0,14
0,14
0,14
0,14
0,14
0,14
0,14
0,14
0,14
0,14
0,14
0,14
0,14
0,14
0,14
0,14
0,14
0,14
0,14
0,14
0,14
0,14
0,14
0,14
0,14
0,14
0,14
0,14
0,14
0,14
0,14
0,14
0,14
0,14
0,14
0,14
0,14
0,14
0,14
0,14
0,14
0,14
0,14
0,14
0,14
0,14
0,14
0,14
0,14
0,14
0,14
0,14
0,14
0,14
0,14
0,14
0,14
0,14
0,14
0,14
0,14
0,14
0,14
0,14
0,14
0,14
0,14
0,14
0,14
0,14
0,14
0,14
0,14
0,14
0,14
0,14
0,14
0,14
0,14
0,14
0,14
0,14
0,14
0,14
0,14
0,14
0,14
0,14
0,14
0,14
0,14
0,14
0,14
0,14
0,14
0,14
0,14
0,14
0,14
0,14
0,14
0,14
0,14
0,14
0,14
0,14
0,14
0,14
0,14
0,14
0,14
0,14
0,14
0,14
0,14
0,14
0,14
0,14
0,14
0,14
0,14
0,14
0,14
0,14
0,14
0,14
0,14
0,14
0,14
0,14
0,14
0,14
0,14
0,14
0,14
0,14
0,14
0,13
0,14
0,13
0,13
0,13
0,13
0,13
0,13
0,13
0,13
0,13
0,13
0,13
0,13
0,13
0,13
0,13
0,13
0,13
0,13
0,13
0,13
0,13
0,13
0,13
0,13
0,13
0,13
0,13
0,13
0,13
0,13
0,13
0,13
0,13
0,13
0,13
0,13
0,13
0,13
0,13
0,13
0,13
0,13
0,13
0,13
0,13
0,13
0,13
0,13
0,13
0,13
0,13
0,13
0,13
0,13
0,13
0,13
0,13
0,13
0,13
0,13
0,13
0,13
0,13
0,13
0,13
0,13
0,13
0,13
0,13
0,13
0,13
0,13
0,13
0,13
0,13
0,13
0,13
0,13
0,13
0,13
0,13
0,13
0,13
0,13
0,13
0,13
0,13
0,13
0,13
0,13
0,13
0,13
0,13
0,13
0,13
0,13
0,13
0,13
0,13
0,13
0,13
0,13
0,13
0,13
0,13
0,13
0,13
0,13
0,13
0,13
0,13
0,13
0,13
0,13
0,13
0,13
0,13
0,13
0,13
0,13
0,13
0,13
0,13
0,13
0,13
0,13
0,13
0,13
0,13
0,13
0,13
0,13
0,13
0,13
0,13
0,13
0,13
0,13
0,13
0,13
0,13
0,13
0,13
0,13
0,13
0,13
0,13
0,13
0,13
0,13
0,13
0,13
0,13
0,13
0,13
0,13
0,13
0,13
0,13
0,13
0,13
0,13
0,13
0,13
0,13
0,13
0,13
0,13
0,13
0,13
0,13
0,13
0,13
0,13
0,13
0,13
0,13
0,13
0,13
0,13
0,13
0,13
0,13
0,12
0,12
0,12
0,12
0,12
0,12
0,12
0,12
0,12
0,12
0,12
0,12
0,12
0,12
0,12
0,12
0,12
0,12
0,12
0,12
0,12
0,12
0,12
0,12
0,12
0,12
0,12
0,12
0,12
0,12
0,12
0,12
0,12
0,12
0,12
0,12
0,12
0,12
0,12
0,12
0,12
0,12
0,12
0,12
0,12
0,12
0,12
0,12
0,12
0,12
0,12
0,12
0,12
0,12
0,12
0,12
0,12
0,12
0,12
0,12
0,12
0,12
0,12
0,12
0,12
0,12
0,12
0,12
0,12
0,12
0,12
0,12
0,12
0,12
0,12
0,12
0,12
0,12
0,12
0,12
0,12
0,12
0,12
0,12
0,12
0,12
0,12
0,12
0,12
0,12
0,12
0,12
0,12
0,12
0,12
0,12
0,12
0,12
0,12
0,12
0,12
0,12
0,12
0,12
0,12
0,12
0,12
0,12
0,12
0,12
0,12
0,12
0,12
0,12
0,12
0,12
0,12
0,12
0,12
0,12
0,12
0,12
0,12
0,12
0,12
0,12
0,12
0,12
0,12
0,12
0,12
0,12
0,12
0,12
0,12
0,12
0,12
0,12
0,12
0,12
0,12
0,12
0,12
0,12
0,12
0,12
0,12
0,12
0,12
0,12
0,12
0,12
0,12
0,12
0,12
0,12
0,12
0,12
0,12
0,12
0,12
0,12
0,12
0,12
0,12
0,12
0,12
0,12
0,12
0,12
0,12
0,12
0,12
0,12
0,12
0,12
0,12
0,12
0,12
0,12
0,12
0,12
0,12
0,12
0,12
0,12
0,12
0,12
0,12
0,12
0,12
0,12
0,12
0,12
0,12
0,12
0,12
0,12
0,12
0,12
0,12
0,12
0,12
0,12
0,12
0,12
0,12
0,12
0,12
0,12
0,12
0,12
0,12
0,12
0,12
0,12
0,12
0,12
0,12
0,12
0,12
0,12
0,12
0,12
0,12
0,12
0,12
0,12
0,12
0,12
0,12
0,12
0,12
0,12
0,12
0,12
0,12
0,12
0,12
0,12
0,12
0,12
0,12
0,12
0,12
0,12
0,12
0,12
0,12
0,12
0,12
0,12
0,12
0,12
0,12
0,12
0,12
0,12
0,12
0,12
0,12
0,12
0,12
0,12
0,12
0,12
0,12
0,12
0,12
0,12
0,13
0,13
0,13
0,13
0,13
0,13
0,13
0,13
0,13
0,13
0,13
0,13
0,13
0,13
0,13
0,13
0,13
0,13
0,13
0,13
0,13
0,13
0,13
0,13
0,13
0,13
0,13
0,13
0,13
0,13
0,13
0,13
0,13
0,13
0,13
0,13
0,13
0,13
0,13
0,13
0,13
0,13
0,13
0,13
0,13
0,13
0,13
0,13
0,13
0,13
0,13
0,13
0,13
0,13
0,13
0,13
0,13
0,13
0,13
0,13
0,13
0,13
0,13
0,13
0,13
0,13
0,13
0,13
0,13
0,13
0,13
0,13
0,13
0,13
0,13
0,13
0,13
0,13
0,13
0,13
0,13
0,13
0,13
0,13
0,13
0,13
0,13
0,13
0,13
0,13
0,13
0,13
0,13
0,13
0,13
0,13
0,13
0,13
0,13
0,13
0,13
0,13
0,13
0,13
0,13
0,13
0,13
0,13
0,13
0,13
0,13
0,13
0,13
0,13
0,13
0,13
0,13
0,13
0,13
0,13
0,13
0,13
0,13
0,13
0,13
0,13
0,13
0,13
0,13
0,13
0,13
0,13
0,13
0,13
0,13
0,13
0,13
0,13
0,13
0,13
0,13
0,13
0,13
0,13
0,13
0,13
0,13
0,13
0,13
0,13
0,13
0,13
0,13
0,13
0,13
0,13
0,13
0,13
0,13
0,13
0,13
0,13
0,13
0,13
0,13
0,13
0,13
0,13
0,13
0,13
0,13
0,13
0,13
0,13
0,13
0,13
0,13
0,13
0,13
0,13
0,13
0,13
0,13
0,13
0,13
0,13
0,13
0,13
0,13
0,13
0,13
0,13
0,13
0,13
0,13
0,13
0,13
0,13
0,13
0,13
0,13
0,13
0,13
0,14
0,14
0,14
0,14
0,14
0,14
0,14
0,14
0,14
0,14
0,14
0,14
0,14
0,14
0,14
0,14
0,14
0,14
0,14
0,14
0,14
0,14
0,14
0,14
0,14
0,14
0,14
0,14
0,14
0,14
0,14
0,14
0,14
0,14
0,14
0,14
0,14
0,14
0,14
0,14
0,14
0,14
0,14
0,14
0,14
0,14
0,14
0,14
0,14
0,14
0,14
0,14
0,14
0,14
0,14
0,14
0,14
0,14
0,14
0,14
0,14
0,14
0,14
0,14
0,14
0,14
0,14
0,14
0,14
0,14
0,14
0,14
0,14
0,14
0,14
0,14
0,14
0,14
0,14
0,14
0,14
0,14
0,14
0,14
0,14
0,14
0,14
0,14
0,14
0,14
0,14
0,14
0,14
0,14
0,14
0,14
0,14
0,14
0,14
0,14
0,14
0,14
0,14
0,14
0,14
0,14
0,14
0,14
0,14
0,14
0,14
0,14
0,14
0,14
0,14
0,14
0,14
0,14
0,14
0,14
0,14
0,14
0,14
0,14
0,14
0,14
0,14
0,14
0,14
0,14
0,14
0,14
0,14
0,14
0,14
0,14
0,14
0,14
0,14
0,14
0,14
0,14
0,14
0,14
0,14
0,14
0,14
0,14
0,14
0,14
0,14
0,14
0,14
0,14
0,15
0,15
0,15
0,15
0,15
0,15
0,15
0,15
0,15
0,15
0,15
0,15
0,15
0,15
0,15
0,15
0,15
0,15
0,15
0,15
0,15
0,15
0,15
0,15
0,15
0,15
0,15
0,15
0,15
0,15
0,15
0,15
0,15
0,15
0,15
0,15
0,15
0,15
0,15
0,15
0,15
0,15
0,15
0,15
0,15
0,15
0,15
0,15
0,15
0,15
0,15
0,15
0,15
0,15
0,15
0,15
0,15
0,15
0,15
0,15
0,15
0,15
0,15
0,15
0,15
0,15
0,15
0,15
0,15
0,15
0,15
0,15
0,15
0,15
0,15
0,15
0,15
0,15
0,15
0,15
0,15
0,15
0,15
0,15
0,15
0,15
0,15
0,15
0,15
0,15
0,15
0,15
0,15
0,15
0,15
0,15
0,15
0,15
0,15
0,15
0,15
0,15
0,15
0,15
0,15
0,15
0,15
0,15
0,15
0,15
0,15
0,15
0,15
0,15
0,15
0,15
0,15
0,15
0,15
0,15
0,15
0,15
0,15
0,15
0,15
0,15
0,15
0,15
0,15
0,15
0,15
0,15
0,15
0,15
0,15
0,15
0,15
0,15
0,15
0,15
0,15
0,15
0,15
0,15
0,15
0,15
0,15
0,15
0,15
0,15
0,15
0,15
0,15
0,15
0,15
0,15
0,15
0,15
0,15
0,15
0,15
0,15
0,15
0,15
0,15
0,15
0,15
0,15
0,15
0,15
0,15
0,15
0,15
0,15
0,15
0,15
0,15
0,15
0,15
0,15
0,15
0,15
0,15
0,15
0,15
0,15
0,15
0,15
0,15
0,15
0,15
0,15
0,15
0,15
0,15
0,15
0,15
0,15
0,15
0,15
0,16
0,16
0,16
0,16
0,16
0,16
0,16
0,16
0,16
0,16
0,16
0,16
0,16
0,16
0,16
0,16
0,16
0,16
0,16
0,16
0,16
0,16
0,16
0,16
0,16
0,16
0,16
0,16
0,16
0,16
0,16
0,16
0,16
0,16
0,16
0,16
0,16
0,16
0,16
0,16
0,16
0,16
0,16
0,16
0,16
0,16
0,16
0,16
0,16
0,16
0,16
0,16
0,16
0,16
0,16
0,16
0,16
0,16
0,16
0,16
0,16
0,16
0,16
0,16
0,16
0,16
0,16
0,16
0,16
0,16
0,16
0,16
0,16
0,16
0,16
0,16
0,16
0,16
0,16
0,16
0,16
0,16
0,16
0,16
0,16
0,16
0,16
0,16
0,16
0,16
0,16
0,16
0,16
0,16
0,16
0,16
0,16
0,16
0,16
0,16
0,16
0,16
0,16
0,16
0,16
0,16
0,16
0,16
0,16
0,16
0,16
0,16
0,16
0,16
0,16
0,16
0,16
0,16
0,16
0,16
0,16
0,16
0,16
0,16
0,16
0,16
0,16
0,16
0,16
0,16
0,16
0,16
0,16
0,16
0,16
0,16
0,17
0,17
0,17
0,17
0,16
0,16
0,16
0,16
0,16
0,16
0,16
0,16
0,16
0,16
0,16
0,16
0,16
0,17
0,17
0,17
0,17
0,17
0,17
0,17
0,17
0,17
0,17
0,17
0,17
0,17
0,17
0,17
0,17
0,17
0,17
0,17
0,17
0,17
0,17
0,17
0,17
0,17
0,17
0,17
0,17
0,17
0,17
0,17
0,17
0,17
0,17
0,17
0,17
0,17
0,17
0,17
0,17
0,17
0,17
0,17
0,17
0,17
0,17
0,17
0,17
0,17
0,17
0,17
0,17
0,17
0,17
0,17
0,17
0,17
0,17
0,17
0,17
0,17
0,17
0,17
0,17
0,17
0,17
0,17
0,17
0,17
0,17
0,17
0,17
0,17
0,17
0,17
0,17
0,17
0,17
0,17
0,17
0,17
0,17
0,17
0,17
0,17
0,17
0,17
0,17
0,17
0,17
0,17
0,17
0,17
0,17
0,17
0,17
0,17
0,17
0,17
0,17
0,17
0,17
0,17
0,17
0,17
0,17
0,17
0,17
0,17
0,17
0,18
0,18
0,18
0,18
0,18
0,18
0,18
0,18
0,18
0,18
0,18
0,18
0,18
0,18
0,18
0,18
0,18
0,18
0,18
0,18
0,18
0,18
0,18
0,18
0,18
0,18
0,18
0,18
0,18
0,18
0,18
0,18
0,18
0,18
0,18
0,18
0,18
0,18
0,18
0,18
0,18
0,18
0,18
0,18
0,18
0,18
0,18
0,18
0,18
0,18
0,18
0,18
0,18
0,18
0,18
0,18
0,18
0,18
0,18
0,18
0,18
0,18
0,18
0,18
0,18
0,18
0,18
0,18
0,18
0,18
0,18
0,19
0,19
0,19
0,19
0,19
0,19
0,19
0,19
0,19
0,19
0,19
0,19
0,19
0,19
0,19
0,19
0,19
0,19
0,19
0,19
0,19
0,19
0,19
0,19
0,19
0,19
0,19
0,19
0,19
0,19
0,19
0,19
0,19
0,19
0,19
0,19
0,19
0,19
0,19
0,19
0,19
0,19
0,19
0,19
0,19
0,19
0,19
0,19
0,19
0,19
0,19
0,19
0,19
0,19
0,19
0,19
0,19
0,19
0,19
0,19
0,19
0,19
0,19
0,19
0,19
0,19
0,19
0,19
0,19
0,19
0,19
0,19
0,19
0,19
0,19
0,19
0,19
0,19
0,19
0,19
0,19
0,19
0,19
